15000
2 27 3 19
3 18 4 1
3 24 4 13
3 25 5 1
4 13 5 2
4 29 5 5
4 25 5 9
5 4 5 17
5 16 5 31
5 27 6 1
5 21 6 18
6 16 6 26
6 25 7 15
6 29 7 20
7 16 8 4
7 29 8 18
8 9 8 19
8 14 8 26
8 26 9 3
8 17 9 21
9 5 10 8
10 3 10 15
9 27 11 1
10 24 11 10
11 8 11 17
11 6 11 21
11 18 11 28
11 15 11 30
11 23 12 1
2 11 3 4
2 22 3 23
3 21 3 25
3 20 4 7
3 26 4 8
3 25 4 26
4 8 5 16
5 14 6 5
6 1 6 10
6 2 6 16
6 11 6 26
6 22 7 1
6 23 7 20
7 14 8 8
7 20 8 22
8 14 9 11
8 30 9 23
9 10 9 30
9 25 10 18
10 14 10 25
10 12 11 13
11 5 12 1
2 10 3 13
3 8 4 1
3 21 4 14
3 30 4 22
4 7 4 28
4 19 5 7
4 29 5 25
5 8 6 13
5 31 6 20
6 10 6 30
6 28 7 18
7 12 7 19
7 6 8 4
8 3 8 24
8 15 8 26
8 13 9 2
9 2 9 18
9 18 10 2
9 29 10 18
10 7 10 21
10 6 10 22
10 10 10 29
10 19 11 16
11 6 11 25
11 23 12 1
2 22 3 21
3 4 4 6
4 3 4 17
3 30 4 27
4 19 5 11
5 11 5 24
5 15 5 30
5 22 6 9
5 26 6 13
5 29 6 18
6 6 7 7
7 3 7 15
7 14 8 3
7 19 8 21
8 18 8 31
8 16 9 13
9 8 9 22
9 21 10 11
10 9 10 17
10 8 10 28
10 12 11 10
10 24 11 26
11 14 11 30
